30002032
30002113
30002114
30002112
30002033
30002034
30002035
30002037
30002038
30002039
30002040
30002131
30002117
30002118
30002042
30002041
30002046
30002045
30002051
30002052
30002053
30002057
30002059
30002060
30002063
30002066
30002067
30002081
30002082
30002089
30002090
30002091
30002102
30002121
30002043
30002105
30002132
30002130
30002115
30002095
30002146
30002145
30002083
30002068
30002124
30002098
30002058
30002143
30002116
30002100
30002101
30002050
30002141
30002142
30002077
30002078
30002104
30002106
30002107
30002108
30002110
30002111
30002122
30002123
30002125
30002126
30002127
30002128
30002129
30002133
30002134
30002144